1,2,3,4
4.0,6.5,3.5,4.5
2.0,2.0,2.0,3.5
1.5,1.5,1.0,2.0
4.0,2.0,3.5,1.5
1.5,6.5,3.5,4.0
5.5,8.0,7.5,7.0
7.5,8.5,9.5,9.0
5.0,9.0,5.0,6.5
7.0,7.0,5.5,6.5
2.5,4.5,3.5,4.5
1.5,2.5,1.0,2.0
4.0,8.0,6.0,5.5
3.0,3.0,2.0,2.5
5.5,10.0,4.0,7.0
3.0,3.5,2.0,2.0
6.5,8.0,7.5,8.0
5.0,9.0,5.0,6.0
3.0,7.0,4.0,6.0
7.0,11.0,10.0,12.0
2.0,6.0,2.0,5.0
9.0,9.0,10.0,10.0
2.0,6.0,4.0,3.0
3.0,7.0,7.0,10.0
3.0,7.0,5.0,8.0
10.0,11.0,12.0,12.0
10.0,7.0,9.0,11.0
4.0,7.0,7.0,6.0
8.0,9.0,6.0,6.0
4.0,5.0,4.0,4.0
4.0,10.0,6.0,10.0
8.0,10.0,10.0,11.0
6.0,11.0,15.0,9.0
2.5,3.0,3.0,2.5
7.0,7.5,8.0,7.5
2.0,4.5,3.0,3.5
3.0,3.5,4.5,2.0
1.0,4.0,2.0,2.0
3.0,5.0,6.0,4.5
4.5,10.0,7.5,6.0
2.5,4.5,5.5,4.0
2.0,3.0,2.5,3.0
2.5,4.0,2.5,3.0
3.0,4.5,4.5,3.5
0.0,2.0,0.5,0.5
3.5,3.0,4.0,4.0
6.0,9.0,7.5,6.5
1.5,1.0,0.5,2.0
5.5,6.0,6.5,6.0
2.0,6.5,2.5,3.5
1.5,2.5,1.5,3.0
5.0,4.5,4.5,5.0
7.5,10.0,9.0,6.0
3.0,4.0,3.5,3.0
5.0,11.0,5.5,4.0
3.5,3.5,2.5,4.0
1.0,3.5,2.5,2.0
